%YAML:1.0
---
calibration_time: "vie 07 jul 2017 12:28:55 CEST"
image_width: 640
image_height: 360
board_width: 9
board_height: 6
square_size: 2.5999999046325684e+00
flags: 0
camera_matrix: !!opencv-matrix
   rows: 3
   cols: 3
   dt: d
   data: [ 5.5728837389420198e+02, 0., 3.3640432793747573e+02, 0.,
       5.5890808736754173e+02, 1.6877325303277451e+02, 0., 0., 1. ]
distortion_coefficients: !!opencv-matrix
   rows: 5
   cols: 1
   dt: d
   data: [ -5.3514485319686933e-01, 3.8733734316344504e-01,
       -7.3023938604611059e-04, -2.8365840449240125e-03,
       -1.6494185791402050e-01 ]
avg_reprojection_error: 4.2220986128935228e-01
image_points: !!opencv-matrix
   rows: 30
   cols: 54
   dt: "2f"
   data: [ 1.82624069e+02, 3.24018097e+01, 2.24023605e+02,
       3.30378151e+01, 2.68326477e+02, 3.48797035e+01, 3.15246246e+02,
       3.77531776e+01, 3.63366608e+02, 4.18172874e+01, 4.11485565e+02,
       4.67614632e+01, 4.59318787e+02, 5.27413597e+01, 5.04946716e+02,
       5.93696594e+01, 5.47515930e+02, 6.66735077e+01, 1.71678375e+02,
       7.25890503e+01, 2.13786560e+02, 7.43923721e+01, 2.59493225e+02,
       7.71952209e+01, 3.08017609e+02, 8.09037476e+01, 3.57959595e+02,
       8.54731293e+01, 4.08173279e+02, 9.07314606e+01, 4.57989014e+02,
       9.68200226e+01, 5.05357086e+02, 1.03323395e+02, 5.49403931e+02,
       1.10246559e+02, 1.60967407e+02, 1.16255653e+02, 2.03772903e+02,
       1.19519745e+02, 2.50560165e+02, 1.23713242e+02, 3.00458984e+02,
       1.28501389e+02, 3.51987152e+02, 1.33774338e+02, 4.03877563e+02,
       1.39428467e+02, 4.55304016e+02, 1.45414230e+02, 5.04244934e+02,
       1.51348495e+02, 5.49498291e+02, 1.57272308e+02, 1.50774124e+02,
       1.62436356e+02, 1.93824188e+02, 1.67445892e+02, 2.41377579e+02,
       1.73033813e+02, 2.92330841e+02, 1.79122604e+02, 3.45312561e+02,
       1.85248856e+02, 3.98581207e+02, 1.91261002e+02, 4.51310944e+02,
       1.97109161e+02, 5.01403351e+02, 2.02326431e+02, 5.47642212e+02,
       2.07220200e+02, 1.41977737e+02, 2.10606934e+02, 1.85364975e+02,
       2.17622360e+02, 2.33081390e+02, 2.24903870e+02, 2.84490875e+02,
       2.32125778e+02, 3.37934784e+02, 2.39049194e+02, 3.92254578e+02,
       2.45139984e+02, 4.45966888e+02, 2.50526459e+02, 4.96879181e+02,
       2.54957138e+02, 5.44152527e+02, 2.58586090e+02, 1.34341324e+02,
       2.58612000e+02, 1.77582092e+02, 2.67575714e+02, 2.25290939e+02,
       2.76589935e+02, 2.76784180e+02, 2.85093018e+02, 3.30433563e+02,
       2.92586945e+02, 3.85101318e+02, 2.99054993e+02, 4.39055878e+02,
       3.04179413e+02, 4.90621674e+02, 3.07678345e+02, 5.38119202e+02,
       3.09803284e+02, 1.48554749e+02, 4.13937225e+01, 1.86211151e+02,
       3.94491730e+01, 2.27036362e+02, 3.82958374e+01, 2.70860046e+02,
       3.77171669e+01, 3.16497772e+02, 3.84888687e+01, 3.63399658e+02,
       3.97288589e+01, 4.10505371e+02, 4.21125298e+01, 4.56582794e+02,
       4.51981583e+01, 5.00967499e+02, 4.93847046e+01, 1.38538361e+02,
       7.88194809e+01, 1.76810333e+02, 7.78868866e+01, 2.18790298e+02,
       7.75026779e+01, 2.64183716e+02, 7.77730865e+01, 3.11472290e+02,
       7.88735123e+01, 3.60296417e+02, 8.07222519e+01, 4.09603821e+02,
       8.33618698e+01, 4.57787140e+02, 8.64073181e+01, 5.03749756e+02,
       9.03270493e+01, 1.28961044e+02, 1.19618332e+02, 1.67621170e+02,
       1.20013252e+02, 2.10621750e+02, 1.20882996e+02, 2.57384064e+02,
       1.22435013e+02, 3.06380585e+02, 1.24290421e+02, 3.56861908e+02,
       1.26527084e+02, 4.08136047e+02, 1.29188431e+02, 4.58102661e+02,
       1.31982788e+02, 5.05732727e+02, 1.35293030e+02, 1.19888847e+02,
       1.62928116e+02, 1.59052887e+02, 1.64611877e+02, 2.02591599e+02,
       1.67148224e+02, 2.50415665e+02, 1.69798859e+02, 3.00767426e+02,
       1.72574600e+02, 3.53082306e+02, 1.75562317e+02, 4.05738129e+02,
       1.78478226e+02, 4.57386475e+02, 1.81164719e+02, 5.06536469e+02,
       1.83527313e+02, 1.12496597e+02, 2.08008804e+02, 1.52036469e+02,
       2.12124466e+02, 1.96077789e+02, 2.16333481e+02, 2.44335007e+02,
       2.20396957e+02, 2.95442139e+02, 2.24176041e+02, 3.48770630e+02,
       2.27400101e+02, 4.02835815e+02, 2.30316498e+02, 4.55589600e+02,
       2.32510895e+02, 5.05781555e+02, 2.34309296e+02, 1.06505104e+02,
       2.53651688e+02, 1.46015167e+02, 2.59617798e+02, 1.90080002e+02,
       2.65599670e+02, 2.38756805e+02, 2.71273041e+02, 2.90471436e+02,
       2.76296143e+02, 3.44327820e+02, 2.80288696e+02, 3.99052368e+02,
       2.83177856e+02, 4.52475433e+02, 2.84670380e+02, 5.03215851e+02,
       2.85581543e+02, 2.21629471e+02, 7.27178192e+01, 2.59326660e+02,
       7.00219650e+01, 3.00227448e+02, 6.77398224e+01, 3.43919586e+02,
       6.63121872e+01, 3.89511292e+02, 6.54087906e+01, 4.36167175e+02,
       6.49586029e+01, 4.83314392e+02, 6.53295135e+01, 5.29210144e+02,
       6.63515625e+01, 5.73131531e+02, 6.84039536e+01, 2.11253830e+02,
       1.10285515e+02, 2.49710251e+02, 1.08641289e+02, 2.91568054e+02,
       1.07536888e+02, 3.36887817e+02, 1.06724770e+02, 3.84513733e+02,
       1.06582382e+02, 4.33437256e+02, 1.06684395e+02, 4.82936096e+02,
       1.07520203e+02, 5.31108704e+02, 1.08727959e+02, 5.76952942e+02,
       1.10565865e+02, 2.00842590e+02, 1.50882004e+02, 2.39728058e+02,
       1.50933624e+02, 2.82780853e+02, 1.51452621e+02, 3.29576996e+02,
       1.52154922e+02, 3.78780273e+02, 1.52913544e+02, 4.29621735e+02,
       1.53818420e+02, 4.81384888e+02, 1.54928650e+02, 5.31458496e+02,
       1.56132706e+02, 5.79301453e+02, 1.57516098e+02, 1.90399780e+02,
       1.94112885e+02, 2.29661667e+02, 1.95840439e+02, 2.73296783e+02,
       1.98101746e+02, 3.21099121e+02, 2.00289581e+02, 3.72033813e+02,
       2.02456299e+02, 4.24674683e+02, 2.04448669e+02, 4.78347565e+02,
       2.06252304e+02, 5.30265076e+02, 2.07337723e+02, 5.79598694e+02,
       2.08115845e+02, 1.81036362e+02, 2.38907257e+02, 2.20608673e+02,
       2.43275330e+02, 2.64622528e+02, 2.47541290e+02, 3.13237213e+02,
       2.51637741e+02, 3.64697327e+02, 2.55401886e+02, 4.18504364e+02,
       2.58023529e+02, 4.73544647e+02, 2.60315430e+02, 5.27097412e+02,
       2.61375214e+02, 5.77799744e+02, 2.61548950e+02, 1.72563400e+02,
       2.84057800e+02, 2.11810455e+02, 2.90646790e+02, 2.55896820e+02,
       2.97255341e+02, 3.04661102e+02, 3.03372192e+02, 3.56828522e+02,
       3.08645996e+02, 4.11456238e+02, 3.12625641e+02, 4.67089478e+02,
       3.15295380e+02, 5.21679260e+02, 3.16279358e+02, 5.73465454e+02,
       3.16018005e+02, 2.77707428e+02, 1.06375893e+02, 3.07465668e+02,
       1.05918900e+02, 3.38509674e+02, 1.05849678e+02, 3.70799042e+02,
       1.06279510e+02, 4.03718323e+02, 1.06607834e+02, 4.37226776e+02,
       1.07495583e+02, 4.70899292e+02, 1.08299416e+02, 5.04242218e+02,
       1.09316422e+02, 5.36764954e+02, 1.10646828e+02, 2.70796631e+02,
       1.34283676e+02, 3.01000275e+02, 1.34436050e+02, 3.32745728e+02,
       1.34845886e+02, 3.66074188e+02, 1.35572876e+02, 3.99985138e+02,
       1.36478226e+02, 4.34446381e+02, 1.37504242e+02, 4.69443176e+02,
       1.38575409e+02, 5.03784149e+02, 1.39981140e+02, 5.37520142e+02,
       1.41473251e+02, 2.63685120e+02, 1.63811874e+02, 2.94359283e+02,
       1.64635101e+02, 3.26673035e+02, 1.66026428e+02, 3.60861481e+02,
       1.67416595e+02, 3.95735504e+02, 1.68657379e+02, 4.31326874e+02,
       1.70227249e+02, 4.67380585e+02, 1.71510437e+02, 5.02726532e+02,
       1.72793030e+02, 5.37492920e+02, 1.74377792e+02, 2.56306610e+02,
       1.94899200e+02, 2.87332825e+02, 1.96478867e+02, 3.20291626e+02,
       1.98473328e+02, 3.55068573e+02, 2.00433014e+02, 3.90852234e+02,
       2.02488464e+02, 4.27408722e+02, 2.04470612e+02, 4.64424103e+02,
       2.06353439e+02, 5.00982880e+02, 2.07730331e+02, 5.36521484e+02,
       2.09349564e+02, 2.49123962e+02, 2.27204254e+02, 2.80536926e+02,
       2.29997421e+02, 3.14118774e+02, 2.32881912e+02, 3.49359833e+02,
       2.35682510e+02, 3.85630463e+02, 2.38287155e+02, 4.22852997e+02,
