%YAML:1.0
---
calibration_time: "mié 07 jun 2017 20:20:06 CEST"
image_width: 640
image_height: 360
board_width: 9
board_height: 6
square_size: 1.0000000149011612e-01
flags: 0
camera_matrix: !!opencv-matrix
   rows: 3
   cols: 3
   dt: d
   data: [ 3.7254017728780155e+02, 0., 3.2004503728510201e+02, 0.,
       3.7080136525274446e+02, 1.7923306984177302e+02, 0., 0., 1. ]
distortion_coefficients: !!opencv-matrix
   rows: 5
   cols: 1
   dt: d
   data: [ -3.5600982962504693e-03, 1.3527448942304953e-03,
       5.7113358924633003e-05, 3.9704564930432483e-04,
       -9.9499275411852424e-04 ]
avg_reprojection_error: 9.6775560537670682e-02
image_points: !!opencv-matrix
   rows: 20
   cols: 54
   dt: "2f"
   data: [ 4.07919037e+02, 1.90673782e+02, 4.25717316e+02,
       1.90835480e+02, 4.44234924e+02, 1.91028580e+02, 4.63249207e+02,
       1.91222321e+02, 4.82536102e+02, 1.91368607e+02, 5.02477386e+02,
       1.91490555e+02, 5.23097473e+02, 1.91626923e+02, 5.44023926e+02,
       1.91795853e+02, 5.65721619e+02, 1.92008789e+02, 4.07901581e+02,
       2.07838470e+02, 4.25730865e+02, 2.08281143e+02, 4.44215729e+02,
       2.08586166e+02, 4.63267212e+02, 2.09016525e+02, 4.82529144e+02,
       2.09435669e+02, 5.02491150e+02, 2.09773865e+02, 5.23084778e+02,
       2.10290604e+02, 5.44028687e+02, 2.10639145e+02, 5.65714355e+02,
       2.11162033e+02, 4.07918762e+02, 2.25022675e+02, 4.25718719e+02,
       2.25585999e+02, 4.44240021e+02, 2.26261795e+02, 4.63247223e+02,
       2.26803711e+02, 4.82545258e+02, 2.27485657e+02, 5.02481842e+02,
       2.28181549e+02, 5.23095581e+02, 2.28785492e+02, 5.44022522e+02,
       2.29513321e+02, 5.65731079e+02, 2.30263733e+02, 4.07901794e+02,
       2.42305695e+02, 4.25731110e+02, 2.43089279e+02, 4.44219299e+02,
       2.43889725e+02, 4.63264221e+02, 2.44750626e+02, 4.82511871e+02,
       2.45649216e+02, 5.02489410e+02, 2.46552307e+02, 5.23072266e+02,
       2.47510773e+02, 5.44033813e+02, 2.48457230e+02, 5.65716797e+02,
       2.49449402e+02, 4.07914917e+02, 2.59416534e+02, 4.25718262e+02,
       2.60460876e+02, 4.44233032e+02, 2.61511719e+02, 4.63254944e+02,
       2.62608765e+02, 4.82536652e+02, 2.63702576e+02, 5.02482422e+02,
       2.64873718e+02, 5.23099426e+02, 2.66098053e+02, 5.44030579e+02,
       2.67317261e+02, 5.65722778e+02, 2.68549530e+02, 4.07907837e+02,
       2.76555878e+02, 4.25735016e+02, 2.77786072e+02, 4.44221619e+02,
       2.79128052e+02, 4.63262238e+02, 2.80458160e+02, 4.82535339e+02,
       2.81795837e+02, 5.02493195e+02, 2.83238831e+02, 5.23091919e+02,
       2.84648743e+02, 5.44040527e+02, 2.86137970e+02, 5.65719238e+02,
       2.87653137e+02, 3.13451904e+02, 1.91018356e+02, 3.30181549e+02,
       1.90358963e+02, 3.47292572e+02, 1.89620041e+02, 3.64847504e+02,
       1.88902451e+02, 3.82807892e+02, 1.88215363e+02, 4.01450562e+02,
       1.87437531e+02, 4.20505249e+02, 1.86627106e+02, 4.40104126e+02,
       1.85823410e+02, 4.60279022e+02, 1.85035843e+02, 3.14327393e+02,
       2.08169968e+02, 3.30996796e+02, 2.07642502e+02, 3.48073669e+02,
       2.07251984e+02, 3.65675110e+02, 2.06689102e+02, 3.83685211e+02,
       2.06282104e+02, 4.02375610e+02, 2.05693451e+02, 4.21431213e+02,
       2.05233109e+02, 4.41011047e+02, 2.04642456e+02, 4.61178711e+02,
       2.04137238e+02, 3.15249969e+02, 2.25292877e+02, 3.31773163e+02,
       2.25043442e+02, 3.48945923e+02, 2.24742874e+02, 3.66551697e+02,
       2.24529251e+02, 3.84622345e+02, 2.24309799e+02, 4.03221985e+02,
       2.24031128e+02, 4.22413788e+02, 2.23716751e+02, 4.41868622e+02,
       2.23482285e+02, 4.62162476e+02, 2.23238022e+02, 3.16096313e+02,
       2.42513931e+02, 3.32662659e+02, 2.42491425e+02, 3.49821411e+02,
       2.42487625e+02, 3.67478088e+02, 2.42475296e+02, 3.85559052e+02,
       2.42467896e+02, 4.04161591e+02, 2.42450012e+02, 4.23327332e+02,
       2.42432327e+02, 4.42820404e+02, 2.42425659e+02, 4.63063660e+02,
       2.42402252e+02, 3.16862946e+02, 2.59589600e+02, 3.33551880e+02,
       2.59790436e+02, 3.50715271e+02, 2.60044464e+02, 3.68383942e+02,
       2.60298950e+02, 3.86472961e+02, 2.60492981e+02, 4.05005707e+02,
       2.60685394e+02, 4.24299927e+02, 2.60958740e+02, 4.43735779e+02,
       2.61255341e+02, 4.64039948e+02, 2.61468597e+02, 3.17666748e+02,
       2.76698059e+02, 3.34460083e+02, 2.77189606e+02, 3.51621918e+02,
       2.77604004e+02, 3.69329956e+02, 2.78083923e+02, 3.87405457e+02,
       2.78545013e+02, 4.05932922e+02, 2.79026520e+02, 4.25223633e+02,
       2.79524902e+02, 4.44697784e+02, 2.80031250e+02, 4.64965240e+02,
       2.80552399e+02, 2.34350800e+02, 1.72368820e+02, 2.60838562e+02,
       1.72183243e+02, 2.88694122e+02, 1.71975601e+02, 3.18195496e+02,
       1.71769211e+02, 3.48645081e+02, 1.71549545e+02, 3.80766632e+02,
       1.71400070e+02, 4.14811157e+02, 1.71162491e+02, 4.50332428e+02,
       1.70872498e+02, 4.87673279e+02, 1.70611923e+02, 2.34332443e+02,
       2.01368591e+02, 2.60821259e+02, 2.01850937e+02, 2.88685760e+02,
       2.02367081e+02, 3.18196381e+02, 2.02875610e+02, 3.48644287e+02,
       2.03444550e+02, 3.80782166e+02, 2.03968216e+02, 4.14825531e+02,
       2.04553802e+02, 4.50362732e+02, 2.05251663e+02, 4.87716949e+02,
       2.05851257e+02, 2.34321030e+02, 2.30378464e+02, 2.60792175e+02,
       2.31520401e+02, 2.88685944e+02, 2.32703629e+02, 3.18189819e+02,
       2.33943253e+02, 3.48650208e+02, 2.35254913e+02, 3.80788788e+02,
       2.36596741e+02, 4.14860443e+02, 2.38069641e+02, 4.50390198e+02,
       2.39552841e+02, 4.87770721e+02, 2.41184204e+02, 2.34306137e+02,
       2.59520782e+02, 2.60779633e+02, 2.61322906e+02, 2.88673492e+02,
       2.63226807e+02, 3.18181519e+02, 2.65191742e+02, 3.48644897e+02,
       2.67261414e+02, 3.80804718e+02, 2.69393951e+02, 4.14878693e+02,
       2.71651825e+02, 4.50405396e+02, 2.74057312e+02, 4.87824158e+02,
       2.76579254e+02, 2.34287689e+02, 2.88572144e+02, 2.60768127e+02,
       2.91013184e+02, 2.88659729e+02, 2.93548492e+02, 3.18188660e+02,
       2.96331024e+02, 3.48642426e+02, 2.99061646e+02, 3.80822998e+02,
       3.02057068e+02, 4.14912048e+02, 3.05188507e+02, 4.50443542e+02,
       3.08455475e+02, 4.87881042e+02, 3.11829559e+02, 2.34271484e+02,
       3.17619751e+02, 2.60744598e+02, 3.20680145e+02, 2.88657257e+02,
       3.23971771e+02, 3.18179962e+02, 3.27420990e+02, 3.48651093e+02,
       3.30957184e+02, 3.80837036e+02, 3.34663727e+02, 4.14935272e+02,
       3.38667328e+02, 4.50479828e+02, 3.42771301e+02, 4.87947693e+02,
       3.47231689e+02, 2.33797699e+02, 1.68007812e+02, 2.60523102e+02,
       1.67745193e+02, 2.88506042e+02, 1.67483276e+02, 3.18127655e+02,
       1.67187744e+02, 3.48712769e+02, 1.66869431e+02, 3.81176483e+02,
       1.66555481e+02, 4.15348297e+02, 1.66286346e+02, 4.50972504e+02,
       1.65862900e+02, 4.88661591e+02, 1.65515930e+02, 2.33789749e+02,
       1.97145447e+02, 2.60527740e+02, 1.97555801e+02, 2.88495758e+02,
       1.97988739e+02, 3.18138062e+02, 1.98456161e+02, 3.48714539e+02,
       1.98881149e+02, 3.81183319e+02, 1.99404160e+02, 4.15344330e+02,
       1.99848618e+02, 4.51000610e+02, 2.00445862e+02, 4.88667297e+02,
       2.00977783e+02, 2.33795792e+02, 2.26289474e+02, 2.60518524e+02,
       2.27368210e+02, 2.88509186e+02, 2.28480453e+02, 3.18131622e+02,
       2.29648483e+02, 3.48717102e+02, 2.30847641e+02, 3.81163025e+02,
       2.32207382e+02, 4.15350372e+02, 2.33529236e+02, 4.50973816e+02,
       2.34908234e+02, 4.88664795e+02, 2.36456268e+02, 2.33798248e+02,
       2.55555511e+02, 2.60512390e+02, 2.57301849e+02, 2.88513702e+02,
       2.59142365e+02, 3.18129486e+02, 2.61022339e+02, 3.48712982e+02,
       2.63024506e+02, 3.81182251e+02, 2.65077026e+02, 4.15355103e+02,
       2.67332001e+02, 4.50974152e+02, 2.69585388e+02, 4.88670532e+02,
       2.72067719e+02, 2.33797180e+02, 2.84671417e+02, 2.60534454e+02,
       2.87150269e+02, 2.88503082e+02, 2.89588348e+02, 3.18140778e+02,
       2.92308960e+02, 3.48708588e+02, 2.94944977e+02, 3.81178192e+02,
