%YAML:1.0
---
calibration_time: "mié 31 may 2017 11:37:29 CEST"
image_width: 640
image_height: 360
board_width: 9
board_height: 6
square_size: 27.
flags: 0
camera_matrix: !!opencv-matrix
   rows: 3
   cols: 3
   dt: d
   data: [ 5.5693073844821038e+02, 0., 3.3271960652299305e+02, 0.,
       5.5792201325839005e+02, 1.6779183257400464e+02, 0., 0., 1. ]
distortion_coefficients: !!opencv-matrix
   rows: 5
   cols: 1
   dt: d
   data: [ -5.5935590471496488e-01, 4.7750390821295668e-01,
       2.2846195770640189e-03, 1.3992551640006358e-03,
       -2.6457002351133274e-01 ]
avg_reprojection_error: 3.2615088806792403e-01
image_points: !!opencv-matrix
   rows: 25
   cols: 54
   dt: "2f"
   data: [ 4.26486755e+02, 3.12631531e+02, 3.95911102e+02,
       3.10200073e+02, 3.65270294e+02, 3.07340485e+02, 3.33933960e+02,
       3.03632385e+02, 3.03269012e+02, 2.99764282e+02, 2.72628723e+02,
       2.95533997e+02, 2.42922745e+02, 2.90897095e+02, 2.14242554e+02,
       2.86194885e+02, 1.86496979e+02, 2.81127716e+02, 4.30403809e+02,
       2.82661865e+02, 3.99811707e+02, 2.80068542e+02, 3.69052063e+02,
       2.76908234e+02, 3.37622009e+02, 2.73529358e+02, 3.06587830e+02,
       2.69695404e+02, 2.76237396e+02, 2.65678406e+02, 2.46163925e+02,
       2.61348328e+02, 2.17390106e+02, 2.56832916e+02, 1.89538559e+02,
       2.52302078e+02, 4.33923157e+02, 2.52254532e+02, 4.03576935e+02,
       2.49296494e+02, 3.72674866e+02, 2.46259552e+02, 3.41331665e+02,
       2.42704865e+02, 3.10345734e+02, 2.39081802e+02, 2.79733978e+02,
       2.35300644e+02, 2.49794159e+02, 2.31344681e+02, 2.20709732e+02,
       2.27192673e+02, 1.93158417e+02, 2.22882706e+02, 4.37183563e+02,
       2.21416580e+02, 4.06896088e+02, 2.18559464e+02, 3.76250061e+02,
       2.15156128e+02, 3.45130096e+02, 2.11669571e+02, 3.14065430e+02,
       2.08138214e+02, 2.83572693e+02, 2.04553040e+02, 2.53631165e+02,
       2.00835495e+02, 2.24717102e+02, 1.97269791e+02, 1.97027344e+02,
       1.93613693e+02, 4.39967346e+02, 1.90896393e+02, 4.10069183e+02,
       1.87783813e+02, 3.79567627e+02, 1.84451157e+02, 3.48584595e+02,
       1.80888977e+02, 3.17885223e+02, 1.77577805e+02, 2.87501678e+02,
       1.74119888e+02, 2.57727356e+02, 1.70670044e+02, 2.28987793e+02,
       1.67565338e+02, 2.01370911e+02, 1.64400543e+02, 4.42429474e+02,
       1.60862503e+02, 4.12832184e+02, 1.57686646e+02, 3.82680206e+02,
       1.54300278e+02, 3.52098846e+02, 1.50896805e+02, 3.21608887e+02,
       1.47608002e+02, 2.91664764e+02, 1.44588043e+02, 2.62081879e+02,
       1.41362656e+02, 2.33486969e+02, 1.38532562e+02, 2.05736221e+02,
       1.35824005e+02, 4.32147827e+02, 3.14511078e+02, 4.01419220e+02,
       3.13211121e+02, 3.70192719e+02, 3.11456665e+02, 3.38607605e+02,
       3.09256927e+02, 3.07378632e+02, 3.06381592e+02, 2.76593109e+02,
       3.03171906e+02, 2.46440598e+02, 2.99591187e+02, 2.17396393e+02,
       2.95766998e+02, 1.89223801e+02, 2.91627716e+02, 4.34796570e+02,
       2.84200836e+02, 4.04113953e+02, 2.82739288e+02, 3.72886902e+02,
       2.80959686e+02, 3.41236420e+02, 2.78684113e+02, 3.09734985e+02,
       2.76004578e+02, 2.78795868e+02, 2.73134216e+02, 2.48454666e+02,
       2.69684753e+02, 2.19353348e+02, 2.66346680e+02, 1.91149124e+02,
       2.62534821e+02, 4.37345520e+02, 2.53485764e+02, 4.06572876e+02,
       2.51705460e+02, 3.75448029e+02, 2.49722824e+02, 3.43615692e+02,
       2.47516922e+02, 3.12359161e+02, 2.45123489e+02, 2.81398071e+02,
       2.42335312e+02, 2.50913605e+02, 2.39323532e+02, 2.21722168e+02,
       2.36190735e+02, 1.93577454e+02, 2.32946457e+02, 4.39426514e+02,
       2.22416565e+02, 4.08899017e+02, 2.20561478e+02, 3.77732147e+02,
       2.18442001e+02, 3.46329926e+02, 2.16189194e+02, 3.14919586e+02,
       2.13754333e+02, 2.84130920e+02, 2.11310776e+02, 2.53730728e+02,
       2.08632812e+02, 2.24501709e+02, 2.05942612e+02, 1.96464844e+02,
       2.03277725e+02, 4.41123291e+02, 1.91590591e+02, 4.10638641e+02,
       1.89476868e+02, 3.80069763e+02, 1.87312424e+02, 3.48668762e+02,
       1.85078796e+02, 3.17595825e+02, 1.82750824e+02, 2.86834961e+02,
       1.80481232e+02, 2.56611298e+02, 1.78191437e+02, 2.27655914e+02,
       1.75854828e+02, 1.99642975e+02, 1.73599304e+02, 4.42399017e+02,
       1.61370056e+02, 4.12436737e+02, 1.59005600e+02, 3.81911865e+02,
       1.56847092e+02, 3.51006561e+02, 1.54671341e+02, 3.20283142e+02,
       1.52540985e+02, 2.89885010e+02, 1.50545441e+02, 2.59937622e+02,
       1.48472580e+02, 2.31080658e+02, 1.46672470e+02, 2.03337677e+02,
       1.44757706e+02, 5.18265503e+02, 3.07500519e+02, 4.71784363e+02,
       3.10910614e+02, 4.22164215e+02, 3.13289001e+02, 3.69928802e+02,
       3.14327362e+02, 3.17098938e+02, 3.13821442e+02, 2.64759888e+02,
       3.12410522e+02, 2.14297073e+02, 3.09465332e+02, 1.66775375e+02,
       3.05382965e+02, 1.23483780e+02, 3.00602295e+02, 5.19476318e+02,
       2.58652588e+02, 4.73334259e+02, 2.60791626e+02, 4.23270325e+02,
       2.62310242e+02, 3.70642181e+02, 2.62763458e+02, 3.17325378e+02,
       2.62413574e+02, 2.64635071e+02, 2.61097900e+02, 2.13573563e+02,
       2.59126282e+02, 1.66373535e+02, 2.56386780e+02, 1.22801689e+02,
       2.52983093e+02, 5.19368591e+02, 2.08894867e+02, 4.73355469e+02,
       2.09552338e+02, 4.23548462e+02, 2.09791733e+02, 3.71202576e+02,
       2.09729813e+02, 3.17926453e+02, 2.09422653e+02, 2.65306244e+02,
       2.08584381e+02, 2.14374588e+02, 2.07491638e+02, 1.66926605e+02,
       2.05918839e+02, 1.23813187e+02, 2.04451416e+02, 5.17442688e+02,
       1.59438965e+02, 4.71886902e+02, 1.58574554e+02, 4.22874084e+02,
       1.57598206e+02, 3.71273224e+02, 1.56831818e+02, 3.18438629e+02,
       1.56489639e+02, 2.66553345e+02, 1.56086929e+02, 2.16135162e+02,
       1.56054077e+02, 1.69444153e+02, 1.55890045e+02, 1.26452599e+02,
       1.56020157e+02, 5.14450806e+02, 1.11552803e+02, 4.69305267e+02,
       1.09314713e+02, 4.21258331e+02, 1.07598267e+02, 3.70637756e+02,
       1.06381195e+02, 3.19364838e+02, 1.05583382e+02, 2.68396942e+02,
       1.05694717e+02, 2.19059280e+02, 1.06344139e+02, 1.72941254e+02,
       1.07409737e+02, 1.30484818e+02, 1.08935417e+02, 5.09880951e+02,
       6.65545731e+01, 4.65931366e+02, 6.33157654e+01, 4.19164154e+02,
       6.09327011e+01, 3.70015625e+02, 5.92069435e+01, 3.20141357e+02,
       5.86159477e+01, 2.70884308e+02, 5.90503311e+01, 2.22776642e+02,
       6.02994804e+01, 1.77595428e+02, 6.23541069e+01, 1.35917328e+02,
       6.48080978e+01, 5.49144165e+02, 3.17138000e+02, 4.99368713e+02,
       3.21851013e+02, 4.44082031e+02, 3.25435913e+02, 3.84434753e+02,
       3.27345215e+02, 3.22673645e+02, 3.26992371e+02, 2.61420380e+02,
       3.24818817e+02, 2.01883591e+02, 3.20716705e+02, 1.46798798e+02,
       3.15021820e+02, 9.74783936e+01, 3.08474548e+02, 5.53301392e+02,
       2.62480011e+02, 5.03310394e+02, 2.65243591e+02, 4.47222137e+02,
       2.67057922e+02, 3.86555389e+02, 2.67655457e+02, 3.23535706e+02,
       2.67307281e+02, 2.60964142e+02, 2.65365692e+02, 2.00311523e+02,
       2.62196014e+02, 1.44573883e+02, 2.58134155e+02, 9.46224823e+01,
       2.53439697e+02, 5.55159851e+02, 2.05501190e+02, 5.05211945e+02,
       2.05716522e+02, 4.49149445e+02, 2.05696213e+02, 3.88017426e+02,
       2.05179153e+02, 3.24703552e+02, 2.04019226e+02, 2.61549561e+02,
       2.02553345e+02, 2.00585938e+02, 2.00610580e+02, 1.44555161e+02,
       1.98330338e+02, 9.45243378e+01, 1.95902252e+02, 5.54272400e+02,
       1.48285767e+02, 5.04782471e+02, 1.45894241e+02, 4.49355927e+02,
       1.43586853e+02, 3.88851746e+02, 1.41647827e+02, 3.26060425e+02,
       1.40088104e+02, 2.63276764e+02, 1.38959427e+02, 2.02763718e+02,
       1.38487198e+02, 1.47080795e+02, 1.38237000e+02, 9.72774200e+01,
       1.38270050e+02, 5.51220947e+02, 9.27935181e+01, 5.02318268e+02,
       8.82804718e+01, 4.47624207e+02, 8.42397308e+01, 3.88524109e+02,
       8.09568253e+01, 3.27302155e+02, 7.88448792e+01, 2.65882812e+02,
       7.79984131e+01, 2.06505112e+02, 7.84604950e+01, 1.51783463e+02,
