%YAML:1.0
---
calibration_time: "vie 02 jun 2017 11:01:37 CEST"
image_width: 320
image_height: 240
board_width: 9
board_height: 6
square_size: 1.0000000149011612e-01
flags: 0
camera_matrix: !!opencv-matrix
   rows: 3
   cols: 3
   dt: d
   data: [ 1.4925618060597898e+02, 0., 1.6913778096373335e+02, 0.,
       1.4991770449089248e+02, 1.1796975472793258e+02, 0., 0., 1. ]
distortion_coefficients: !!opencv-matrix
   rows: 5
   cols: 1
   dt: d
   data: [ -5.7009025098030547e-02, 7.5455994307163654e-02,
       4.4041222595884823e-06, -4.3110271371088853e-03,
       -3.8711926783898697e-02 ]
avg_reprojection_error: 2.4402495715261421e+00
image_points: !!opencv-matrix
   rows: 10
   cols: 54
   dt: "2f"
   data: [ 1.04439354e+02, 6.86181183e+01, 1.20512451e+02,
       6.98860245e+01, 1.35758514e+02, 7.11065979e+01, 1.50336456e+02,
       7.22515640e+01, 1.64216324e+02, 7.33404236e+01, 1.77584717e+02,
       7.43630295e+01, 1.95815689e+02, 7.59866486e+01, 2.07095871e+02,
       7.66354294e+01, 2.07395126e+02, 7.67266464e+01, 1.04458466e+02,
       8.43784485e+01, 1.20542984e+02, 8.52425461e+01, 1.35776199e+02,
       8.60385742e+01, 1.50382858e+02, 8.67897339e+01, 1.64240326e+02,
       8.75619659e+01, 1.83630341e+02, 8.86769180e+01, 1.96040863e+02,
       8.90121613e+01, 2.06999283e+02, 8.96771622e+01, 2.07317764e+02,
       8.97820053e+01, 1.04505035e+02, 1.00110374e+02, 1.20564072e+02,
       1.00543213e+02, 1.35819000e+02, 1.00971992e+02, 1.50391312e+02,
       1.01420792e+02, 1.64285294e+02, 1.01748657e+02, 1.77659286e+02,
       1.02199280e+02, 1.95953613e+02, 1.02784218e+02, 2.07047470e+02,
       1.02856430e+02, 2.07324448e+02, 1.02746887e+02, 1.04529877e+02,
       1.15858139e+02, 1.20597977e+02, 1.15921829e+02, 1.35840546e+02,
       1.16027733e+02, 1.50434280e+02, 1.16098770e+02, 1.64310684e+02,
       1.16170715e+02, 1.83670319e+02, 1.16345070e+02, 1.96012726e+02,
       1.16134552e+02, 2.07250076e+02, 1.16367020e+02, 2.07471802e+02,
       1.16399628e+02, 1.04583321e+02, 1.31607712e+02, 1.20607346e+02,
       1.31336548e+02, 1.35885315e+02, 1.30942795e+02, 1.50446472e+02,
       1.30630432e+02, 1.64350922e+02, 1.30388245e+02, 1.77812790e+02,
       1.30084763e+02, 1.96273788e+02, 1.29825104e+02, 2.07057175e+02,
       1.29457504e+02, 2.07429596e+02, 1.29434250e+02, 1.04613419e+02,
       1.47377808e+02, 1.20635689e+02, 1.46596100e+02, 1.35931458e+02,
       1.45872894e+02, 1.50486618e+02, 1.45252121e+02, 1.64370193e+02,
       1.44563751e+02, 1.83747055e+02, 1.43769470e+02, 1.96219299e+02,
       1.42980499e+02, 2.07276947e+02, 1.42672211e+02, 2.07487228e+02,
       1.42645798e+02, 8.37540817e+01, 6.22982140e+01, 1.01324196e+02,
       6.41398697e+01, 1.17635780e+02, 6.57936249e+01, 1.32961090e+02,
       6.74120026e+01, 1.47422913e+02, 6.88879929e+01, 1.60986588e+02,
       7.03156281e+01, 1.80364197e+02, 7.25114136e+01, 1.90944107e+02,
       7.33531342e+01, 1.91269974e+02, 7.34291000e+01, 8.38745728e+01,
       7.90219574e+01, 1.01414375e+02, 8.02918701e+01, 1.17656967e+02,
       8.14554443e+01, 1.33029953e+02, 8.25554581e+01, 1.47421860e+02,
       8.36023178e+01, 1.60964050e+02, 8.45575638e+01, 1.80412811e+02,
       8.56985779e+01, 1.90705215e+02, 8.65495071e+01, 1.97257004e+02,
       8.72896652e+01, 8.40397720e+01, 9.56673050e+01, 1.01438858e+02,
       9.64256897e+01, 1.17709274e+02, 9.70869064e+01, 1.33081284e+02,
       9.76579285e+01, 1.47440628e+02, 9.82776184e+01, 1.60978867e+02,
       9.87645950e+01, 1.80496964e+02, 9.96791382e+01, 1.90643082e+02,
       9.98195953e+01, 1.90681564e+02, 9.97378540e+01, 8.41754303e+01,
       1.12488716e+02, 1.01498772e+02, 1.12579224e+02, 1.17736084e+02,
       1.12679115e+02, 1.33129700e+02, 1.12800835e+02, 1.47436264e+02,
       1.12978325e+02, 1.61022263e+02, 1.13130234e+02, 1.80600388e+02,
       1.13161858e+02, 1.90556427e+02, 1.13416931e+02, 1.90607376e+02,
       1.13442093e+02, 8.42788086e+01, 1.29045853e+02, 1.01533524e+02,
       1.28622284e+02, 1.17792450e+02, 1.28301117e+02, 1.33162979e+02,
       1.27865257e+02, 1.47454788e+02, 1.27558838e+02, 1.61006119e+02,
       1.27293411e+02, 1.80788620e+02, 1.26956367e+02, 1.90002121e+02,
       1.26601151e+02, 1.98631424e+02, 1.19948044e+02, 8.43169174e+01,
       1.45590988e+02, 1.01587624e+02, 1.44635635e+02, 1.17828262e+02,
       1.43730972e+02, 1.33212540e+02, 1.42890656e+02, 1.47456833e+02,
       1.42164398e+02, 1.61014908e+02, 1.41393387e+02, 1.80658630e+02,
       1.40184082e+02, 1.89949753e+02, 1.39932129e+02, 2.01269608e+02,
       1.39342697e+02, 1.02240685e+02, 4.66013565e+01, 1.25813416e+02,
       4.71735229e+01, 1.48673813e+02, 4.77394638e+01, 1.70601852e+02,
       4.82556038e+01, 1.91602219e+02, 4.87703514e+01, 2.11845703e+02,
       4.92685699e+01, 2.31421539e+02, 4.97518768e+01, 2.50129425e+02,
       5.02206421e+01, 2.68171387e+02, 5.06450157e+01, 1.03210510e+02,
       6.98369293e+01, 1.26765251e+02, 6.99283600e+01, 1.49628983e+02,
       7.00721664e+01, 1.71527435e+02, 7.01464844e+01, 1.92553192e+02,
       7.02451401e+01, 2.12737717e+02, 7.03029022e+01, 2.32305817e+02,
       7.03715439e+01, 2.50862686e+02, 7.04381180e+01, 2.68957886e+02,
       7.05303650e+01, 1.04187363e+02, 9.31494598e+01, 1.27710892e+02,
       9.27445221e+01, 1.50571426e+02, 9.23331604e+01, 1.72444595e+02,
       9.19981155e+01, 1.93457535e+02, 9.16680527e+01, 2.13657410e+02,
       9.13168564e+01, 2.33225967e+02, 9.10195389e+01, 2.51707809e+02,
       9.07064209e+01, 2.69797760e+02, 9.03941116e+01, 1.05162025e+02,
       1.16475365e+02, 1.28683289e+02, 1.15618225e+02, 1.51512253e+02,
       1.14799652e+02, 1.73417694e+02, 1.14001923e+02, 1.94396225e+02,
       1.13228752e+02, 2.14555054e+02, 1.12465660e+02, 2.34080719e+02,
       1.11756500e+02, 2.52605499e+02, 1.11086128e+02, 2.70675690e+02,
       1.10415649e+02, 1.06123703e+02, 1.39753464e+02, 1.29644165e+02,
       1.38414612e+02, 1.52443741e+02, 1.37121262e+02, 1.74325302e+02,
       1.35847946e+02, 1.95320190e+02, 1.34639832e+02, 2.15409027e+02,
       1.33509262e+02, 2.34793640e+02, 1.32394302e+02, 2.53499649e+02,
       1.31340317e+02, 2.71537781e+02, 1.30309143e+02, 1.07094360e+02,
       1.63009872e+02, 1.30600693e+02, 1.61240097e+02, 1.53359009e+02,
       1.59465637e+02, 1.75274597e+02, 1.57688477e+02, 1.96184723e+02,
       1.56115570e+02, 2.16272385e+02, 1.54544479e+02, 2.35603424e+02,
       1.53016098e+02, 2.54379318e+02, 1.51563370e+02, 2.72323547e+02,
       1.50188141e+02, 8.13241196e+01, 1.11373268e+02, 9.92939453e+01,
       1.12132744e+02, 1.16726036e+02, 1.12758293e+02, 1.33622009e+02,
       1.13510735e+02, 1.50192642e+02, 1.14226967e+02, 1.66139938e+02,
       1.14810799e+02, 1.81606842e+02, 1.15481834e+02, 1.96697983e+02,
       1.16150696e+02, 2.11479187e+02, 1.16689751e+02, 7.97133102e+01,
       1.28376892e+02, 9.81182632e+01, 1.28787796e+02, 1.15836121e+02,
       1.29358093e+02, 1.33294479e+02, 1.29726135e+02, 1.49882294e+02,
       1.30285461e+02, 1.66280640e+02, 1.30630966e+02, 1.82164612e+02,
       1.31138077e+02, 1.97439072e+02, 1.31502563e+02, 2.12383987e+02,
       1.31889267e+02, 7.81144867e+01, 1.46023117e+02, 9.68208389e+01,
       1.46291092e+02, 1.14985214e+02, 1.46480667e+02, 1.32616562e+02,
       1.46651749e+02, 1.49685120e+02, 1.46845184e+02, 1.66371262e+02,
       1.47130325e+02, 1.82455063e+02, 1.47325211e+02, 1.98134216e+02,
       1.47483521e+02, 2.13365051e+02, 1.47615417e+02, 7.64660950e+01,
       1.64539810e+02, 9.55727615e+01, 1.64488892e+02, 1.14132423e+02,
       1.64447968e+02, 1.32272888e+02, 1.64388336e+02, 1.49542740e+02,
       1.64344193e+02, 1.66516205e+02, 1.64281128e+02, 1.82939331e+02,
       1.64239655e+02, 1.98765945e+02, 1.64171707e+02, 2.14330109e+02,
       1.64114197e+02, 7.46623077e+01, 1.83739105e+02, 9.42466049e+01,
       1.83392593e+02, 1.13192505e+02, 1.83006500e+02, 1.31522354e+02,
       1.82646637e+02, 1.49440735e+02, 1.82320282e+02, 1.66643265e+02,
